-50
-50
-50
-50
-50
-50
-50
-50
-50
-50
-50
-50
-50
-50
-50
-50
-50
-50
-50
-50
-50
-50
-50
-50
-50
-50
-50
-50
-50
-50
-50
-50
-50
-50
-50
-50
-49
-49
-49
-49
-49
-49
-49
-49
-49
-49
-49
-49
-49
-49
-49
-49
-49
-49
-49
-49
-49
-49
-49
-49
-49
-49
-49
-49
-49
-49
-49
-49
-49
-49
-49
-49
-49
-49
-49
-49
-49
-49
-49
-49
-49
-49
-49
-49
-49
-49
-49
-49
-49
-49
-48
-48
-48
-48
-48
-48
-48
-48
-48
-48
-48
-48
-48
-48
-48
-48
-48
-48
-48
-48
-48
-48
-48
-48
-48
-48
-48
-48
-48
-48
-48
-48
-48
-48
-48
-48
-48
-48
-48
-48
-48
-48
-48
-48
-48
-48
-48
-48
-48
-48
-48
-48
-48
-48
-47
-47
-47
-47
-47
-47
-47
-47
-47
-47
-47
-47
-47
-47
-47
-47
-47
-47
-47
-47
-47
-47
-47
-47
-47
-47
-47
-47
-47
-47
-47
-47
-47
-47
-47
-47
-47
-47
-47
-47
-47
-47
-47
-47
-47
-47
-47
-47
-47
-47
-47
-47
-47
-47
-47
-47
-46
-46
-46
-46
-46
-46
-46
-46
-46
-46
-46
-46
-46
-46
-46
-46
-46
-46
-46
-46
-46
-46
-46
-46
-46
-46
-46
-46
-46
-46
-46
-46
-46
-46
-46
-46
-46
-46
-46
-46
-46
-46
-46
-46
-46
-46
-46
-45
-45
-45
-45
-45
-45
-45
-45
-45
-45
-45
-45
-45
-45
-45
-45
-45
-45
-45
-45
-45
-45
-45
-45
-45
-45
-45
-45
-45
-45
-45
-45
-45
-45
-45
-45
-45
-45
-45
-45
-45
-45
-45
-45
-45
-45
-45
-45
-45
-45
-45
-45
-45
-45
-45
-44
-44
-44
-44
-44
-44
-44
-44
-44
-44
-44
-44
-44
-44
-44
-44
-44
-44
-44
-44
-44
-44
-44
-44
-44
-44
-44
-44
-44
-44
-44
-44
-44
-44
-44
-44
-44
-44
-44
-44
-44
-44
-44
-44
-44
-44
-44
-44
-44
-44
-44
-43
-43
-43
-43
-43
-43
-43
-43
-43
-43
-43
-43
-43
-43
-43
-43
-43
-43
-43
-43
-43
-43
-43
-43
-43
-43
-43
-43
-43
-43
-43
-43
-43
-43
-43
-43
-43
-43
-43
-43
-43
-43
-43
-43
-42
-42
-42
-42
-42
-42
-42
-42
-42
-42
-42
-42
-42
-42
-42
-42
-42
-42
-42
-42
-42
-42
-42
-42
-42
-42
-42
-42
-42
-42
-42
-42
-42
-42
-42
-42
-42
-42
-42
-42
-42
-42
-42
-42
-42
-42
-42
-42
-41
-41
-41
-41
-41
-41
-41
-41
-41
-41
-41
-41
-41
-41
-41
-41
-41
-41
-41
-41
-41
-41
-41
-41
-41
-41
-41
-41
-41
-41
-41
-41
-41
-41
-41
-41
-41
-41
-41
-41
-41
-41
-41
-41
-41
-41
-41
-41
-41
-41
-41
-41
-40
-40
-40
-40
-40
-40
-40
-40
-40
-40
-40
-40
-40
-40
-40
-40
-40
-40
-40
-40
-40
-40
-40
-40
-40
-40
-40
-40
-40
-40
-40
-40
-40
-40
-40
-40
-40
-40
-40
-40
-40
-40
-39
-39
-39
-39
-39
-39
-39
-39
-39
-39
-39
-39
-39
-39
-39
-39
-39
-39
-39
-39
-39
-39
-39
-39
-39
-39
-39
-39
-39
-39
-39
-39
-39
-39
-39
-39
-39
-39
-39
-39
-39
-39
-39
-39
-39
-39
-39
-38
-38
-38
-38
-38
-38
-38
-38
-38
-38
-38
-38
-38
-38
-38
-38
-38
-38
-38
-38
-38
-38
-38
-38
-38
-38
-38
-38
-38
-38
-38
-38
-38
-38
-38
-38
-38
-38
-38
-38
-38
-38
-38
-38
-38
-38
-38
-38
-38
-38
-38
-38
-37
-37
-37
-37
-37
-37
-37
-37
-37
-37
-37
-37
-37
-37
-37
-37
-37
-37
-37
-37
-37
-37
-37
-37
-37
-37
-37
-37
-37
-37
-37
-37
-37
-37
-37
-37
-37
-37
-37
-37
-37
-37
-37
-37
-37
-37
-37
-37
-37
-36
-36
-36
-36
-36
-36
-36
-36
-36
-36
-36
-36
-36
-36
-36
-36
-36
-36
-36
-36
-36
-36
-36
-36
-36
-36
-36
-36
-36
-36
-36
-36
-36
-36
-36
-36
-36
-36
-36
-36
-36
-36
-36
-36
-36
-36
-36
-36
-36
-36
-36
-36
-36
-36
-35
-35
-35
-35
-35
-35
-35
-35
-35
-35
-35
-35
-35
-35
-35
-35
-35
-35
-35
-35
-35
-35
-35
-35
-35
-35
-35
-35
-35
-35
-35
-35
-35
-35
-35
-35
-35
-35
-35
-35
-34
-34
-34
-34
-34
-34
-34
-34
-34
-34
-34
-34
-34
-34
-34
-34
-34
-34
-34
-34
-34
-34
-34
-34
-34
-34
-34
-34
-34
-34
-34
-34
-34
-34
-34
-34
-34
-34
-34
-34
-34
-34
-34
-34
-34
-34
-34
-34
-34
-34
-34
-34
-34
-34
-33
-33
-33
-33
-33
-33
-33
-33
-33
-33
-33
-33
-33
-33
-33
-33
-33
-33
-33
-33
-33
-33
-33
-33
-33
-33
-33
-33
-33
-33
-33
-33
-33
-33
-33
-33
-33
-33
-33
-33
-33
-33
-33
-33
-33
-33
-33
-33
-33
-33
-33
-33
-32
-32
-32
-32
-32
-32
-32
-32
-32
-32
-32
-32
-32
-32
-32
-32
-32
-32
-32
-32
-32
-32
-32
-32
-32
-32
-32
-32
-32
-32
-32
-32
-32
-32
-32
-32
-32
-32
-32
-32
-32
-32
-32
-31
-31
-31
-31
-31
-31
-31
-31
-31
-31
-31
-31
-31
-31
-31
-31
-31
-31
-31
-31
-31
-31
-31
-31
-31
-31
-31
-31
-31
-31
-31
-31
-31
-31
-31
-31
-31
-31
-31
-31
-31
-31
-31
-31
-31
-31
-31
-31
-31
-31
-30
-30
-30
-30
-30
-30
-30
-30
-30
-30
-30
-30
-30
-30
-30
-30
-30
-30
-30
-30
-30
-30
-30
-30
-30
-30
-30
-30
-30
-30
-30
-30
-30
-30
-30
-30
-30
-30
-30
-30
-30
-30
-30
-30
-29
-29
-29
-29
-29
-29
-29
-29
-29
-29
-29
-29
-29
-29
-29
-29
-29
-29
-29
-29
-29
-29
-29
-29
-29
-29
-29
-29
-29
-29
-29
-29
-29
-29
-29
-29
-29
-29
-29
-29
-29
-29
-29
-29
-29
-29
-29
-29
-29
-29
-29
-29
-29
-29
-29
-29
-28
-28
-28
-28
-28
-28
-28
-28
-28
-28
-28
-28
-28
-28
-28
-28
-28
-28
-28
-28
-28
-28
-28
-28
-28
-28
-28
-28
-28
-28
-28
-28
-28
-28
-28
-28
-28
-28
-28
-28
-28
-28
-28
-28
-28
-28
-28
-28
-28
-28
-28
-28
-28
-28
-28
-28
-27
-27
-27
-27
-27
-27
-27
-27
-27
-27
-27
-27
-27
-27
-27
-27
-27
-27
-27
-27
-27
-27
-27
-27
-27
-27
-27
-27
-27
-27
-27
-27
-27
-27
-27
-26
-26
-26
-26
-26
-26
-26
-26
-26
-26
-26
-26
-26
-26
-26
-26
-26
-26
-26
-26
-26
-26
-26
-26
-26
-26
-26
-26
-26
-26
-26
-26
-26
-26
-26
-26
-25
-25
-25
-25
-25
-25
-25
-25
-25
-25
-25
-25
-25
-25
-25
-25
-25
-25
-25
-25
-25
-25
-25
-25
-25
-25
-25
-25
-25
-25
-25
-25
-25
-25
-25
-25
-25
-25
-25
-25
-25
-25
-25
-25
-24
-24
-24
-24
-24
-24
-24
-24
-24
-24
-24
-24
-24
-24
-24
-24
-24
-24
-24
-24
-24
-24
-24
-24
-24
-24
-24
-24
-24
-24
-24
-24
-24
-24
-24
-24
-24
-24
-24
-24
-24
-24
-24
-24
-24
-24
-24
-24
-24
-24
-24
-24
-24
-24
-24
-24
-24
-23
-23
-23
-23
-23
-23
-23
-23
-23
-23
-23
-23
-23
-23
-23
-23
-23
-23
-23
-23
-23
-23
-23
-23
-23
-23
-23
-23
-23
-23
-23
-23
-23
-23
-23
-23
-23
-23
-23
-23
-23
-23
-23
-23
-23
-23
-23
-22
-22
-22
-22
-22
-22
-22
-22
-22
-22
-22
-22
-22
-22
-22
-22
-22
-22
-22
-22
-22
-22
-22
-22
-22
-22
-22
-22
-22
-22
-22
-22
-22
-22
-22
-22
-22
-22
-22
-22
-22
-22
-22
-22
-22
-22
-22
-22
-22
-22
-22
-22
-22
-21
-21
-21
-21
-21
-21
-21
-21
-21
-21
-21
-21
-21
-21
-21
-21
-21
-21
-21
-21
-21
-21
-21
-21
-21
-21
-21
-21
-21
-21
-21
-21
-21
-21
-21
-21
-21
-21
-21
-21
-21
-21
-21
-21
-21
-21
-21
-21
-21
-21
-21
-21
-21
-20
-20
-20
-20
-20
-20
-20
-20
-20
-20
-20
-20
-20
-20
-20
-20
-20
-20
-20
-20
-20
-20
-20
-20
-20
-20
-20
-20
-20
-20
-20
-20
-20
-20
-20
-20
-20
-20
-20
-20
-20
-20
-20
-20
-20
-20
-19
-19
-19
-19
-19
-19
-19
-19
-19
-19
-19
-19
-19
-19
-19
-19
-19
-19
-19
-19
-19
-19
-19
-19
-19
-19
-19
-19
-19
-19
-19
-19
-19
-19
-19
-19
-19
-19
-19
-19
-19
-19
-19
-19
-19
-19
-19
-18
-18
-18
-18
-18
-18
-18
-18
-18
-18
-18
-18
-18
-18
-18
-18
-18
-18
-18
-18
-18
-18
-18
-18
-18
-18
-18
-18
-18
-18
-18
-18
-18
-18
-18
-18
-18
-18
-18
-18
-18
-18
-18
-18
-18
-18
-18
-18
-18
-18
-18
-18
-18
-18
-18
-18
-18
-18
-18
-18
-18
-17
-17
-17
-17
-17
-17
-17
-17
-17
-17
-17
-17
-17
-17
-17
-17
-17
-17
-17
-17
-17
-17
-17
-17
-17
-17
-17
-17
-17
-17
-17
-17
-17
-17
-17
-17
-17
-17
-17
-17
-17
-17
-17
-17
-17
-17
-17
-17
-17
-17
-17
-16
-16
-16
-16
-16
-16
-16
-16
-16
-16
-16
-16
-16
-16
-16
-16
-16
-16
-16
-16
-16
-16
-16
-16
-16
-16
-16
-16
-16
-16
-16
-16
-16
-16
-16
-16
-16
-16
-16
-16
-16
-16
-16
-16
-16
-16
-16
-16
-16
-16
-16
-16
-16
-16
-16
-16
-16
-16
-16
-16
-16
-16
-15
-15
-15
-15
-15
-15
-15
-15
-15
-15
-15
-15
-15
-15
-15
-15
-15
-15
-15
-15
-15
-15
-15
-15
-15
-15
-15
-15
-15
-15
-15
-15
-15
-15
-15
-15
-15
-15
-15
-15
-15
-15
-15
-15
-15
-15
-15
-15
-15
-15
-15
-14
-14
-14
-14
-14
-14
-14
-14
-14
-14
-14
-14
-14
-14
-14
-14
-14
-14
-14
-14
-14
-14
-14
-14
-14
-14
-14
-14
-14
-14
-14
-14
-14
-14
-14
-14
-14
-13
-13
-13
-13
-13
-13
-13
-13
-13
-13
-13
-13
-13
-13
-13
-13
-13
-13
-13
-13
-13
-13
-13
-13
-13
-13
-13
-13
-13
-13
-13
-13
-13
-13
-13
-13
-13
-13
-13
-13
-13
-13
-13
-13
-13
-13
-13
-13
-13
-13
-13
-13
-12
-12
-12
-12
-12
-12
-12
-12
-12
-12
-12
-12
-12
-12
-12
-12
-12
-12
-12
-12
-12
-12
-12
-12
-12
-12
-12
-12
-12
-12
-12
-12
-12
-12
-12
-12
-12
-12
-12
-12
-12
-12
-12
-12
-12
-12
-12
-12
-12
-12
-12
-12
-12
-11
-11
-11
-11
-11
-11
-11
-11
-11
-11
-11
-11
-11
-11
-11
-11
-11
-11
-11
-11
-11
-11
-11
-11
-11
-11
-11
-11
-11
-11
-11
-11
-11
-11
-11
-11
-11
-11
-11
-11
-11
-11
-11
-11
-11
-11
-11
-11
-11
-11
-11
-11
-11
-10
-10
-10
-10
-10
-10
-10
-10
-10
-10
-10
-10
-10
-10
-10
-10
-10
-10
-10
-10
-10
-10
-10
-10
-10
-10
-10
-10
-10
-10
-10
-10
-10
-10
-10
-10
-10
-10
-10
-10
-10
-10
-10
-10
-10
-10
-10
-10
-10
-10
-10
-10
-10
-10
-10
-10
-10
-10
-10
-10
-9
-9
-9
-9
-9
-9
-9
-9
-9
-9
-9
-9
-9
-9
-9
-9
-9
-9
-9
-9
-9
-9
-9
-9
-9
-9
-9
-9
-9
-9
-9
-9
-9
-9
-9
-9
-9
-9
-9
-9
-9
-9
-9
-9
-9
-9
-9
-9
-8
-8
-8
-8
-8
-8
-8
-8
-8
-8
-8
-8
-8
-8
-8
-8
-8
-8
-8
-8
-8
-8
-8
-8
-8
-8
-8
-8
-8
-8
-8
-8
-8
-8
-8
-8
-8
-8
-8
-8
-7
-7
-7
-7
-7
-7
-7
-7
-7
-7
-7
-7
-7
-7
-7
-7
-7
-7
-7
-7
-7
-7
-7
-7
-7
-7
-7
-7
-7
-7
-7
-7
-7
-7
-7
-7
-7
-7
-7
-7
-7
-7
-7
-7
-7
-7
-7
-7
-7
-7
-7
-7
-7
-7
-7
-7
-7
-7
-6
-6
-6
-6
-6
-6
-6
-6
-6
-6
-6
-6
-6
-6
-6
-6
-6
-6
-6
-6
-6
-6
-6
-6
-6
-6
-6
-6
-6
-6
-6
-6
-6
-6
-6
-6
-6
-6
-6
-6
-6
-6
-6
-6
-5
-5
-5
-5
-5
-5
-5
-5
-5
-5
-5
-5
-5
-5
-5
-5
-5
-5
-5
-5
-5
-5
-5
-5
-5
-5
-5
-5
-5
-5
-5
-5
-5
-5
-5
-5
-5
-5
-5
-5
-5
-5
-5
-5
-5
-5
-5
-5
-5
-5
-5
-5
-5
-5
-4
-4
-4
-4
-4
-4
-4
-4
-4
-4
-4
-4
-4
-4
-4
-4
-4
-4
-4
-4
-4
-4
-4
-4
-4
-4
-4
-4
-4
-4
-4
-4
-4
-4
-4
-4
-4
-4
-4
-4
-4
-3
-3
-3
-3
-3
-3
-3
-3
-3
-3
-3
-3
-3
-3
-3
-3
-3
-3
-3
-3
-3
-3
-3
-3
-3
-3
-3
-3
-3
-3
-3
-3
-3
-3
-3
-3
-3
-3
-3
-3
-3
-3
-3
-3
-3
-2
-2
-2
-2
-2
-2
-2
-2
-2
-2
-2
-2
-2
-2
-2
-2
-2
-2
-2
-2
-2
-2
-2
-2
-2
-2
-2
-2
-2
-2
-2
-2
-2
-2
-2
-2
-2
-2
-2
-2
-2
-2
-2
-2
-2
-2
-2
-2
-2
-2
-1
-1
-1
-1
-1
-1
-1
-1
-1
-1
-1
-1
-1
-1
-1
-1
-1
-1
-1
-1
-1
-1
-1
-1
-1
-1
-1
-1
-1
-1
-1
-1
-1
-1
-1
-1
-1
-1
-1
-1
-1
-1
-1
-1
-1
-1
-1
-1
-1
-1
-1
-1
-1
0
0
0
0
0
0
0
0
0
0
0
0
0
0
0
0
0
0
0
0
0
0
0
0
0
0
0
0
0
0
0
0
0
0
0
0
0
0
0
0
0
0
0
0
0
0
0
0
0
0
0
0
0
0
0
0
0
0
0
0
0
0
0
0
0
0
1
1
1
1
1
1
1
1
1
1
1
1
1
1
1
1
1
1
1
1
1
1
1
1
1
1
1
1
1
1
1
1
1
1
1
1
1
1
1
1
1
1
1
1
1
1
1
1
1
1
1
1
1
2
2
2
2
2
2
2
2
2
2
2
2
2
2
2
2
2
2
2
2
2
2
2
2
2
2
2
2
2
2
2
2
2
2
2
2
2
2
2
2
2
2
2
3
3
3
3
3
3
3
3
3
3
3
3
3
3
3
3
3
3
3
3
3
3
3
3
3
3
3
3
3
3
3
3
3
3
3
3
3
3
3
4
4
4
4
4
4
4
4
4
4
4
4
4
4
4
4
4
4
4
4
4
4
4
4
4
4
4
4
4
4
4
4
4
4
4
4
4
4
4
4
4
4
4
4
4
4
4
4
4
4
4
4
4
4
4
5
5
5
5
5
5
5
5
5
5
5
5
5
5
5
5
5
5
5
5
5
5
5
5
5
5
5
5
5
5
5
5
5
5
5
5
5
5
5
5
5
5
5
5
5
5
5
5
5
5
5
5
5
5
5
6
6
6
6
6
6
6
6
6
6
6
6
6
6
6
6
6
6
6
6
6
6
6
6
6
6
6
6
6
6
6
6
6
6
6
6
6
6
6
6
6
6
6
6
6
6
6
6
6
6
6
6
6
6
6
6
6
6
7
7
7
7
7
7
7
7
7
7
7
7
7
7
7
7
7
7
7
7
7
7
7
7
7
7
7
7
7
7
7
7
7
7
7
7
7
7
7
7
7
7
7
7
7
7
7
7
8
8
8
8
8
8
8
8
8
8
8
8
8
8
8
8
8
8
8
8
8
8
8
8
8
8
8
8
8
8
8
8
8
8
8
8
8
8
8
8
8
8
8
8
8
8
9
9
9
9
9
9
9
9
9
9
9
9
9
9
9
9
9
9
9
9
9
9
9
9
9
9
9
9
9
9
9
9
10
10
10
10
10
10
10
10
10
10
10
10
10
10
10
10
10
10
10
10
10
10
10
10
10
10
10
10
10
10
10
10
10
10
10
10
10
10
10
10
10
10
10
11
11
11
11
11
11
11
11
11
11
11
11
11
11
11
11
11
11
11
11
11
11
11
11
11
11
11
11
11
11
11
11
11
11
11
11
11
11
11
11
11
11
11
11
11
11
11
11
11
11
11
12
12
12
12
12
12
12
12
12
12
12
12
12
12
12
12
12
12
12
12
12
12
12
12
12
12
12
12
12
12
12
12
12
12
12
12
12
12
12
12
12
12
12
12
12
12
12
12
12
13
13
13
13
13
13
13
13
13
13
13
13
13
13
13
13
13
13
13
13
13
13
13
13
13
13
13
13
13
13
13
13
13
13
13
13
13
13
13
13
13
13
14
14
14
14
14
14
14
14
14
14
14
14
14
14
14
14
14
14
14
14
14
14
14
14
14
14
14
14
14
14
14
14
14
14
14
14
14
14
14
14
14
14
14
14
14
14
14
14
14
14
14
14
14
14
14
14
14
14
15
15
15
15
15
15
15
15
15
15
15
15
15
15
15
15
15
15
15
15
15
15
15
15
15
15
15
15
15
15
15
15
15
15
15
15
15
15
15
15
15
15
15
15
15
15
15
15
15
15
15
15
15
15
15
15
15
15
15
15
15
15
15
15
15
15
15
15
15
15
16
16
16
16
16
16
16
16
16
16
16
16
16
16
16
16
16
16
16
16
16
16
16
16
16
16
16
16
16
16
16
16
16
16
16
16
16
16
16
16
16
16
16
16
16
16
16
17
17
17
17
17
17
17
17
17
17
17
17
17
17
17
17
17
17
17
17
17
17
17
17
17
17
17
17
17
17
17
17
17
17
17
17
17
17
17
17
17
17
17
17
17
17
17
17
17
17
18
18
18
18
18
18
18
18
18
18
18
18
18
18
18
18
18
18
18
18
18
18
18
18
18
18
18
18
18
18
18
18
18
18
18
18
18
18
18
18
18
18
18
18
18
18
18
18
18
18
18
18
18
18
18
18
18
18
18
18
18
18
18
18
19
19
19
19
19
19
19
19
19
19
19
19
19
19
19
19
19
19
19
19
19
19
19
19
19
19
19
19
19
19
19
19
19
19
19
19
19
19
19
19
19
19
19
19
19
19
19
19
19
19
19
19
19
19
19
19
19
19
19
20
20
20
20
20
20
20
20
20
20
20
20
20
20
20
20
20
20
20
20
20
20
20
20
20
20
20
20
20
20
20
20
20
20
20
20
20
20
20
20
20
20
20
20
20
20
20
20
20
20
20
21
21
21
21
21
21
21
21
21
21
21
21
21
21
21
21
21
21
21
21
21
21
21
21
21
21
21
21
21
21
21
21
21
21
21
21
21
21
21
21
21
21
21
21
21
21
22
22
22
22
22
22
22
22
22
22
22
22
22
22
22
22
22
22
22
22
22
22
22
22
22
22
22
22
22
22
22
22
22
22
22
22
22
22
22
22
22
22
22
22
22
22
22
22
22
22
22
22
22
22
23
23
23
23
23
23
23
23
23
23
23
23
23
23
23
23
23
23
23
23
23
23
23
23
23
23
23
23
23
23
23
23
23
23
23
23
23
23
23
23
23
23
23
23
23
23
24
24
24
24
24
24
24
24
24
24
24
24
24
24
24
24
24
24
24
24
24
24
24
24
24
24
24
24
24
24
24
24
24
24
24
24
24
24
24
24
24
24
24
24
24
24
24
24
24
24
24
25
25
25
25
25
25
25
25
25
25
25
25
25
25
25
25
25
25
25
25
25
25
25
25
25
25
25
25
25
25
25
25
25
25
25
25
25
25
25
25
25
25
25
25
25
25
25
25
25
25
25
25
25
25
25
25
25
25
25
26
26
26
26
26
26
26
26
26
26
26
26
26
26
26
26
26
26
26
26
26
26
26
26
26
26
26
26
26
26
26
26
26
26
26
26
26
26
26
26
26
26
26
26
26
26
26
26
27
27
27
27
27
27
27
27
27
27
27
27
27
27
27
27
27
27
27
27
27
27
27
27
27
27
27
27
27
27
27
27
27
27
27
27
27
27
27
27
27
27
27
28
28
28
28
28
28
28
28
28
28
28
28
28
28
28
28
28
28
28
28
28
28
28
28
28
28
28
28
28
28
28
28
28
28
28
28
28
28
28
28
28
28
28
28
28
28
28
28
28
28
28
28
28
28
28
28
28
28
28
28
29
29
29
29
29
29
29
29
29
29
29
29
29
29
29
29
29
29
29
29
29
29
29
29
29
29
29
29
29
29
29
29
29
29
29
29
29
29
29
29
29
29
29
29
29
29
29
29
29
29
30
30
30
30
30
30
30
30
30
30
30
30
30
30
30
30
30
30
30
30
30
30
30
30
30
30
30
30
30
30
30
30
30
30
30
30
30
30
30
30
30
30
30
31
31
31
31
31
31
31
31
31
31
31
31
31
31
31
31
31
31
31
31
31
31
31
31
31
31
31
31
31
31
31
31
31
31
31
31
31
31
31
31
31
31
31
31
31
31
31
31
32
32
32
32
32
32
32
32
32
32
32
32
32
32
32
32
32
32
32
32
32
32
32
32
32
32
32
32
32
32
32
32
32
32
32
32
32
32
32
32
32
32
32
32
32
32
32
32
32
32
32
32
32
32
33
33
33
33
33
33
33
33
33
33
33
33
33
33
33
33
33
33
33
33
33
33
33
33
33
33
33
33
33
33
33
33
33
33
33
33
33
33
33
33
34
34
34
34
34
34
34
34
34
34
34
34
34
34
34
34
34
34
34
34
34
34
34
34
34
34
34
34
34
34
34
34
34
34
34
34
34
34
34
34
34
34
34
34
34
34
34
34
34
34
34
34
34
34
34
34
35
35
35
35
35
35
35
35
35
35
35
35
35
35
35
35
35
35
35
35
35
35
35
35
35
35
35
35
35
35
35
35
35
35
35
35
35
35
35
35
35
35
36
36
36
36
36
36
36
36
36
36
36
36
36
36
36
36
36
36
36
36
36
36
36
36
36
36
36
36
36
36
36
36
36
36
36
36
36
36
36
36
36
36
36
36
36
36
36
37
37
37
37
37
37
37
37
37
37
37
37
37
37
37
37
37
37
37
37
37
37
37
37
37
37
37
37
37
37
37
37
37
37
37
37
37
37
37
37
37
37
37
37
37
38
38
38
38
38
38
38
38
38
38
38
38
38
38
38
38
38
38
38
38
38
38
38
38
38
38
38
38
38
38
38
38
38
38
38
38
38
38
39
39
39
39
39
39
39
39
39
39
39
39
39
39
39
39
39
39
39
39
39
39
39
39
39
39
39
39
39
39
39
39
39
39
39
39
39
39
39
39
39
39
39
39
39
39
39
39
39
39
40
40
40
40
40
40
40
40
40
40
40
40
40
40
40
40
40
40
40
40
40
40
40
40
40
40
40
40
40
40
40
40
40
40
40
40
40
40
40
40
40
40
40
40
40
40
40
40
40
40
40
41
41
41
41
41
41
41
41
41
41
41
41
41
41
41
41
41
41
41
41
41
41
41
41
41
41
41
41
41
41
41
41
41
41
41
41
41
41
41
41
41
41
41
41
41
41
41
41
41
41
41
41
42
42
42
42
42
42
42
42
42
42
42
42
42
42
42
42
42
42
42
42
42
42
42
42
42
42
42
42
42
42
42
42
42
42
42
42
42
42
42
42
42
42
42
42
42
42
42
42
42
42
42
42
42
42
43
43
43
43
43
43
43
43
43
43
43
43
43
43
43
43
43
43
43
43
43
43
43
43
43
43
43
43
43
43
43
43
43
43
43
43
43
43
43
43
43
43
43
43
43
44
44
44
44
44
44
44
44
44
44
44
44
44
44
44
44
44
44
44
44
44
44
44
44
44
44
44
44
44
44
44
44
44
44
44
44
44
44
44
44
45
45
45
45
45
45
45
45
45
45
45
45
45
45
45
45
45
45
45
45
45
45
45
45
45
45
45
45
45
45
45
45
45
45
45
45
45
45
45
45
45
45
45
45
45
45
45
45
45
45
45
45
45
45
46
46
46
46
46
46
46
46
46
46
46
46
46
46
46
46
46
46
46
46
46
46
46
46
46
46
46
46
46
46
46
46
46
46
46
46
46
46
46
46
46
47
47
47
47
47
47
47
47
47
47
47
47
47
47
47
47
47
47
47
47
47
47
47
47
47
47
47
47
47
47
47
47
47
47
47
47
47
48
48
48
48
48
48
48
48
48
48
48
48
48
48
48
48
48
48
48
48
48
48
48
48
48
48
48
48
48
48
48
48
48
48
48
48
48
48
48
48
48
48
48
48
48
48
48
49
49
49
49
49
49
49
49
49
49
49
49
49
49
49
49
49
49
49
49
49
49
49
49
49
49
49
49
49
49
49
49
49
49
49
49
49
49
49
49
49
49
49
49
49
49
49
49
49
49
49
49
50
50
50
50
50
50
50
50
50
50
50
50
50
50
50
50
50
50
50
50
50
50
50
50
50
50
50
50
50
50
50
50
50
50
50
50
50
50
50
50
50
50
50
50
50
50
50
50
50
50
50
50
50
50
50
50
50
50
50
50
50
10000
50014
50016
50022
50032
50044
50045
50051
50057
50067
50068
50094
50097
50130
50146
50149
50164
50171
50187
50209
50220
50224
50250
50251
50255
50277
50279
50280
50285
50293
50295
50297
50320
50321
50322
50342
50381
50381
50381
50390
50411
50414
50453
50486
50490
50493
50493
50494
50495
50504
50519
50522
50530
50532
50534
50549
50553
50568
50569
50581
50617
50642
50658
50665
50670
50672
50681
50720
50724
50733
50739
50742
50743
50747
50749
50755
50758
50777
50813
50813
50818
50819
50820
50824
50826
50826
50856
50860
50902
50923
50925
50930
50947
50947
50969
50971
51020
51069
51080
51099
51108
51110
51130
51134
51149
51155
51157
51161
51170
51173
51180
51195
51201
51216
51218
51222
51241
51248
51282
51301
51375
51377
51406
51429
51432
51435
51439
51451
51472
51514
51524
51525
51545
51553
51560
51569
51585
51592
51599
51604
51617
51619
51642
51684
51685
51723
51732
51743
51746
51748
51756
51790
51802
51832
51847
51855
51878
51880
51885
51915
51917
51921
51930
51951
51969
51975
51979
51988
51989
52009
52012
52015
52016
52021
52033
52037
52046
52048
52055
52063
52073
52073
52087
52106
52109
52110
52129
52134
52151
52151
52163
52164
52165
52190
52194
52200
52212
52215
52221
52222
52226
52250
52253
52266
52278
52291
52292
52304
52332
52333
52334
52335
52340
52343
52356
52359
52364
52375
52382
52400
52403
52403
52407
52421
52438
52449
52460
52466
52467
52472
52473
52478
52489
52492
52501
52548
52552
52558
52567
52570
52602
52634
52638
52658
52666
52682
52697
52699
52701
52716
52719
52738
52747
52760
52763
52769
52774
52780
52780
52781
52788
52792
52799
52816
52826
52828
52830
52841
52842
52848
52851
52852
52856
52875
52892
52916
52918
52929
52946
52958
52979
52990
53031
53041
53042
53050
53133
53139
53145
53147
53151
53180
53187
53195
53219
53227
53237
53265
53274
53283
53320
53324
53339
53341
53349
53365
53366
53369
53378
53392
53403
53410
53414
53415
53422
53429
53430
53436
53446
53454
53454
53469
53477
53480
53491
53498
53501
53515
53517
53566
53575
53576
53600
53600
53604
53616
53622
53622
53639
53646
53648
53667
53668
53683
53686
53699
53719
53722
53726
53726
53727
53727
53729
53731
53732
53761
53766
53769
53776
53796
53799
53800
53813
53831
53837
53840
53860
53889
53907
53908
53911
53924
53927
53961
53963
53968
53985
53988
53997
54006
54009
54009
54012
54017
54019
54029
54031
54042
54042
54044
54045
54050
54054
54056
54063
54065
54072
54073
54101
54106
54124
54130
54136
54143
54155
54163
54178
54198
54218
54223
54224
54226
54228
54271
54277
54313
54313
54313
54313
54327
54329
54329
54352
54373
54409
54415
54430
54436
54450
54451
54454
54462
54467
54470
54473
54487
54515
54530
54534
54558
54592
54608
54621
54633
54642
54644
54650
54673
54683
54712
54723
54734
54735
54739
54756
54759
54765
54768
54775
54779
54780
54792
54796
54801
54805
54812
54823
54829
54835
54860
54888
54890
54895
54918
54922
54938
54953
54957
54957
55011
55023
55050
55068
55071
55077
55079
55084
55089
55091
55110
55125
55160
55168
55187
55188
55190
55191
55194
55198
55201
55211
55241
55249
55249
55252
55266
55272
55273
55281
55285
55301
55302
55308
55314
55324
55331
55343
55347
55349
55355
55363
55366
55370
55381
55382
55391
55405
55424
55427
55435
55448
55454
55465
55473
55496
55507
55509
55533
55556
55559
55565
55568
55587
55601
55608
55617
55631
55645
55659
55669
55688
55722
55722
55724
55748
55763
55771
55776
55789
55791
55798
55822
55831
55833
55851
55857
55859
55860
55885
55903
55909
55913
55914
55920
55936
55947
55965
55972
55983
55984
56001
56009
56018
56031
56032
56047
56050
56055
56062
56078
56081
56082
56087
56091
56102
56105
56110
56113
56125
56129
56145
56147
56159
56165
56173
56180
56188
56200
56201
56208
56209
56210
56217
56232
56245
56265
56280
56281
56291
56294
56298
56299
56308
56344
56367
56377
56380
56408
56409
56425
56440
56470
56470
56481
56486
56509
56559
56567
56575
56582
56592
56607
56646
56656
56660
56709
56709
56711
56718
56749
56756
56757
56777
56785
56798
56813
56824
56838
56843
56852
56893
56898
56902
56906
56913
56926
56930
56934
56947
56947
56960
56968
56991
57013
57018
57021
57022
57030
57040
57041
57041
57072
57090
57094
57118
57120
57125
57126
57148
57168
57172
57174
57188
57193
57232
57235
57259
57261
57262
57265
57267
57269
57285
57291
57312
57316
57324
57326
57336
57343
57363
57371
57377
57377
57381
57384
57389
57393
57398
57429
57435
57450
57478
57489
57495
57511
57523
57526
57530
57533
57554
57555
57558
57600
57633
57635
57635
57643
57689
57702
57705
57721
57753
57764
57771
57781
57789
57796
57823
57824
57831
57855
57857
57858
57867
57875
57891
57897
57925
57937
57952
57964
57965
57977
57981
57984
57995
57995
57998
58004
58012
58015
58041
58043
58063
58065
58067
58077
58078
58089
58111
58134
58149
58159
58162
58201
58217
58221
58242
58251
58267
58282
58304
58321
58331
58336
58351
58364
58365
58388
58408
58409
58424
58434
58440
58450
58452
58462
58468
58486
58497
58509
58521
58521
58536
58537
58538
58552
58567
58567
58570
58578
58579
58591
58591
58607
58611
58614
58622
58629
58633
58635
58649
58654
58662
58680
58681
58683
58689
58693
58695
58695
58699
58700
58702
58703
58718
58721
58729
58734
58741
58746
58746
58758
58760
58765
58790
58792
58806
58831
58835
58838
58854
58894
58912
58914
58936
58938
58938
58947
58950
58968
58983
58997
58999
59003
59029
59030
59030
59040
59046
59062
59079
59086
59098
59099
59124
59124
59131
59171
59172
59175
59179
59181
59185
59187
59188
59193
59206
59211
59232
59233
59242
59248
59261
59273
59273
59277
59287
59308
59324
59326
59327
59340
59342
59371
59373
59376
59392
59399
59408
59417
59419
59428
59438
59444
59452
59465
59465
59472
59472
59480
59484
59487
59500
59507
59523
59525
59526
59553
59556
59557
59578
59588
59592
59605
59608
59642
59642
59655
59655
59656
59666
59670
59672
59695
59697
59703
59713
59719
59722
59727
59738
59741
59744
59748
59750
59762
59774
59775
59783
59795
59800
59801
59806
59817
59827
59828
59829
59831
59847
59849
59888
59895
59895
59908
59929
59929
59931
59937
59946
60004
60008
60032
60048
60048
60050
60082
60085
60088
60088
60094
60115
60119
60119
60127
60128
60134
60140
60163
60166
60168
60173
60183
60215
60226
60231
60238
60249
60256
60280
60283
60289
60297
60298
60302
60304
60305
60318
60320
60376
60386
60398
60410
60419
60424
60431
60432
60440
60445
60464
60469
60500
60518
60518
60529
60541
60556
60567
60568
60579
60582
60585
60585
60588
60605
60605
60613
60624
60626
60636
60654
60669
60677
60679
60700
60708
60711
60711
60723
60727
60733
60741
60747
60776
60776
60817
60827
60829
60840
60849
60910
60920
60926
60935
60941
60960
60970
60972
60982
60991
61025
61034
61046
61050
61051
61057
61058
61058
61064
61074
61078
61112
61138
61154
61173
61174
61176
61181
61184
61189
61211
61242
61253
61254
61261
61315
61331
61345
61356
61365
61375
61405
61408
61411
61421
61425
61455
61457
61460
61463
61478
61478
61479
61481
61484
61494
61498
61506
61519
61521
61524
61532
61541
61554
61574
61576
61585
61587
61606
61614
61660
61677
61680
61696
61696
61700
61703
61703
61705
61708
61730
61734
61738
61749
61766
61768
61776
61797
61803
61806
61831
61848
61854
61854
61868
61879
61884
61895
61924
61938
61946
61954
61961
61976
62014
62017
62019
62021
62027
62047
62052
62058
62063
62073
62078
62078
62083
62086
62089
62103
62106
62108
62120
62121
62129
62131
62166
62166
62182
62247
62255
62259
62280
62289
62295
62297
62300
62318
62331
62364
62372
62389
62398
62400
62404
62405
62405
62414
62421
62465
62468
62472
62478
62484
62484
62489
62494
62501
62504
62509
62524
62541
62543
62550
62551
62553
62554
62561
62570
62573
62573
62578
62588
62597
62605
62611
62617
62630
62654
62656
62663
62670
62686
62690
62705
62725
62734
62738
62775
62818
62836
62844
62869
62871
62874
62879
62888
62890
62906
62908
62916
62928
62954
62962
62967
62975
62979
62980
62987
63000
63004
63005
63007
63011
63012
63023
63048
63048
63066
63072
63077
63078
63078
63088
63089
63100
63101
63106
63109
63115
63121
63153
63164
63171
63177
63199
63224
63225
63233
63236
63239
63252
63267
63279
63297
63299
63303
63308
63320
63324
63337
63342
63361
63363
63369
63370
63373
63390
63412
63413
63424
63440
63448
63468
63473
63489
63489
63491
63498
63522
63524
63543
63554
63556
63593
63596
63618
63623
63635
63642
63643
63648
63657
63659
63668
63672
63673
63677
63690
63700
63718
63724
63731
63786
63790
63792
63798
63812
63815
63821
63827
63828
63834
63851
63857
63865
63877
63882
63889
63895
63902
63911
63915
63924
63929
63930
63931
63933
63938
63962
63967
63974
63981
64028
64037
64041
64063
64064
64076
64079
64090
64090
64091
64097
64107
64137
64151
64189
64190
64194
64206
64216
64256
64263
64266
64266
64270
64277
64299
64302
64306
64309
64317
64325
64330
64346
64361
64368
64368
64387
64394
64394
64410
64420
64424
64429
64431
64438
64442
64454
64465
64468
64505
64507
64510
64524
64533
64551
64554
64556
64564
64577
64581
64581
64581
64590
64590
64594
64605
64623
64632
64645
64648
64663
64674
64675
64678
64693
64707
64710
64747
64749
64751
64763
64765
64768
64779
64793
64800
64805
64815
64833
64841
64870
64874
64875
64897
64901
64933
64934
64963
64982
64993
64995
65020
65023
65031
65034
65038
65046
65055
65058
65069
65082
65106
65118
65123
65124
65132
65132
65133
65139
65145
65146
65151
65189
65205
65207
65213
65227
65239
65248
65248
65249
65272
65280
65287
65295
65298
65301
65302
65321
65350
65359
65370
65383
65397
65408
65409
65413
65415
65463
65464
65485
65493
65513
65515
65517
65524
65528
65556
65565
65569
65572
65635
65648
65651
65673
65691
65694
65697
65710
65713
65716
65721
65722
65724
65732
65738
65756
65757
65777
65793
65820
65823
65831
65840
65842
65856
65875
65882
65894
65907
65908
65910
65916
65917
65935
65941
65951
65956
65958
65960
65960
65970
65983
65984
65988
65990
65994
66015
66025
66043
66043
66063
66066
66085
66093
66097
66097
66103
66108
66108
66114
66118
66126
66128
66141
66149
66157
66165
66172
66195
66214
66219
66232
66239
66240
66262
66265
66269
66287
66294
66305
66333
66342
66362
66377
66382
66390
66393
66410
66420
66421
66422
66429
66430
66438
66461
66484
66490
66495
66500
66509
66526
66526
66536
66553
66558
66568
66571
66574
66585
66586
66610
66617
66632
66659
66667
66680
66722
66722
66763
66766
66774
66792
66810
66810
66811
66824
66830
66840
66847
66851
66852
66860
66872
66874
66876
66892
66893
66908
66908
66928
66938
66958
66983
66988
66993
66998
67008
67009
67011
67013
67053
67056
67070
67073
67107
67125
67132
67132
67154
67170
67195
67202
67215
67216
67219
67227
67236
67260
67266
67272
67279
67295
67300
67302
67318
67323
67334
67350
67360
67374
67386
67396
67415
67418
67422
67428
67430
67431
67460
67460
67460
67472
67479
67504
67509
67518
67525
67537
67540
67551
67583
67586
67587
67591
67592
67597
67609
67617
67621
67622
67625
67658
67660
67666
67667
67680
67692
67702
67711
67756
67787
67794
67851
67868
67870
67892
67895
67896
67915
67936
67946
67953
67979
67980
67985
67998
68056
68060
68066
68079
68117
68140
68149
68156
68163
68182
68183
68185
68197
68198
68225
68227
68232
68234
68254
68269
68280
68282
68287
68292
68300
68305
68312
68326
68346
68358
68359
68367
68371
68375
68389
68398
68425
68447
68454
68460
68463
68474
68481
68486
68492
68497
68525
68584
68600
68603
68607
68615
68617
68639
68640
68647
68647
68670
68685
68688
68704
68707
68708
68715
68717
68723
68724
68729
68741
68751
68753
68781
68804
68805
68816
68824
68852
68858
68864
68871
68871
68880
68881
68885
68892
68901
68904
68912
68923
68955
68955
68958
68961
68967
68967
68971
69009
69055
69073
69081
69088
69095
69113
69120
69128
69144
69145
69157
69160
69161
69166
69166
69176
69180
69181
69185
69199
69216
69216
69218
69227
69240
69244
69259
69263
69264
69274
69278
69286
69290
69294
69300
69309
69326
69331
69341
69345
69350
69403
69442
69465
69466
69470
69508
69511
69520
69522
69533
69553
69568
69574
69607
69619
69621
69627
69628
69658
69663
69673
69675
69675
69676
69682
69683
69705
69707
69717
69720
69723
69745
69749
69751
69756
69763
69771
69782
69791
69796
69807
69817
69819
69824
69837
69858
69874
69916
69918
69927
69931
69946
69949
69954
69976
69983
69985
69996
70004
70007
70010
70037
70044
70049
70069
70071
70075
70093
70099
70106
70110
70135
70137
70153
70158
70187
70213
70216
70226
70232
70240
70249
70249
70250
70256
70277
70281
70287
70292
70295
70301
70319
70319
70321
70339
70354
70357
70384
70387
70391
70392
70407
70407
70414
70434
70446
70462
70468
70470
70483
70491
70499
70509
70515
70526
70526
70548
70551
70571
70574
70608
70627
70667
70669
70670
70680
70680
70692
70694
70706
70707
70720
70726
70747
70758
70763
70778
70807
70816
70818
70823
70823
70826
70836
70840
70854
70863
70867
70872
70880
70919
70949
70950
70972
70985
71011
71060
71062
71098
71103
71107
71119
71143
71147
71173
71177
71182
71197
71231
71237
71251
71258
71270
71273
71280
71289
71298
71301
71309
71314
71319
71326
71337
71375
71381
71381
71388
71403
71424
71434
71447
71459
71469
71477
71477
71478
71478
71487
71488
71514
71514
71532
71535
71546
71557
71563
71580
71605
71606
71624
71638
71644
71649
71651
71653
71666
71678
71684
71697
71705
71706
71713
71718
71726
71756
71760
71785
71788
71794
71795
71808
71819
71830
71830
71855
71855
71858
71870
71876
71898
71911
71916
71917
71918
72016
72038
72069
72079
72092
72096
72098
72098
72132
72136
72147
72165
72189
72194
72209
72209
72213
72217
72225
72235
72235
72235
72240
72258
72287
72295
72335
72337
72382
72390
72408
72416
72432
72441
72475
72483
72504
72511
72553
72556
72558
72576
72577
72583
72587
72591
72599
72600
72613
72656
72672
72697
72713
72722
72732
72735
72742
72745
72751
72758
72768
72770
72774
72782
72782
72799
72801
72806
72811
72834
72851
72852
72888
72921
72925
72928
72932
72936
72942
72944
72952
72967
72998
73015
73016
73018
73023
73041
73043
73054
73067
73071
73073
73073
73078
73090
73093
73097
73101
73102
73126
73150
73155
73166
73174
73182
73184
73189
73194
73207
73213
73217
73221
73274
73283
73292
73296
73296
73304
73309
73323
73326
73331
73332
73334
73335
73347
73355
73356
73359
73364
73369
73370
73374
73382
73382
73387
73403
73420
73427
73436
73437
73442
73449
73506
73507
73524
73533
73550
73565
73567
73575
73583
73593
73594
73594
73614
73616
73619
73644
73661
73662
73677
73687
73693
73702
73704
73708
73711
73720
73744
73750
73755
73759
73767
73780
73800
73808
73809
73838
73844
73846
73860
73868
73898
73903
73918
73932
73934
73935
73936
73943
73944
73949
73954
73955
73959
73971
73977
73978
74016
74020
74022
74027
74027
74070
74078
74086
74092
74099
74103
74140
74141
74159
74167
74171
74185
74189
74197
74222
74234
74235
74248
74254
74268
74271
74297
74320
74339
74340
74350
74360
74364
74368
74374
74379
74385
74390
74409
74420
74427
74454
74458
74470
74481
74516
74518
74526
74529
74534
74537
74540
74543
74545
74554
74568
74573
74576
74603
74609
74619
74624
74641
74655
74656
74659
74667
74668
74672
74675
74682
74686
74692
74694
74716
74730
74736
74750
74755
74765
74770
74773
74784
74786
74788
74799
74813
74816
74817
74818
74818
74828
74838
74860
74870
74870
74897
74906
74926
74945
74951
74952
74956
74960
74964
74976
74976
74980
74982
74986
74997
75034
75035
75046
75053
75066
75084
75107
75110
75111
75119
75132
75136
75143
75144
75146
75146
75147
75151
75168
75168
75179
75181
75187
75227
75232
75236
75238
75254
75256
75280
75280
75287
75291
75295
75305
75309
75310
75313
75317
75319
75324
75326
75331
75343
75351
75352
75357
75369
75383
75420
75431
75454
75456
75456
75467
75468
75475
75495
75500
75506
75509
75531
75535
75539
75541
75542
75561
75579
75593
75595
75601
75605
75633
75640
75654
75662
75664
75670
75674
75680
75692
75693
75693
75703
75705
75728
75734
75747
75748
75750
75758
75769
75781
75791
75814
75818
75819
75825
75842
75843
75843
75856
75856
75864
75866
75867
75874
75899
75910
75911
75939
75961
75968
75984
75986
75990
76006
76057
76076
76089
76091
76095
76108
76110
76116
76120
76121
76122
76139
76155
76163
76165
76168
76176
76188
76209
76223
76229
76232
76259
76272
76274
76276
76280
76285
76287
76314
76328
76345
76358
76363
76373
76456
76477
76484
76490
76492
76494
76524
76539
76543
76554
76562
76587
76593
76599
76616
76619
76622
76622
76644
76655
76657
76661
76665
76667
76674
76693
76716
76721
76756
76757
76773
76774
76790
76827
76836
76852
76854
76854
76861
76863
76874
76884
76886
76891
76898
76919
76926
76928
76939
76946
76968
76977
76985
76991
77041
77045
77058
77060
77063
77080
77082
77086
77087
77092
77122
77132
77134
77147
77147
77154
77158
77166
77169
77173
77196
77202
77219
77224
77236
77243
77275
77297
77307
77308
77312
77312
77318
77337
77340
77340
77346
77394
77396
77402
77412
77422
77439
77448
77470
77473
77484
77507
77510
77522
77524
77527
77533
77548
77554
77555
77563
77567
77597
77634
77636
77637
77639
77647
77647
77650
77689
77704
77714
77716
77747
77752
77763
77768
77768
77769
77770
77775
77786
77787
77793
77795
77810
77814
77829
77842
77857
77859
77871
77893
77895
77895
77904
77906
77911
77923
77938
77949
77951
77952
77959
77981
77985
77995
77996
77997
77998
78000
78015
78025
78048
78048
78055
78070
78071
78073
78080
78090
78092
78131
78134
78134
78135
78141
78147
78196
78197
78202
78212
78228
78243
78244
78253
78263
78263
78268
78269
78270
78271
78273
78274
78301
78307
78326
78333
78347
78349
78355
78365
78378
78380
78391
78396
78412
78423
78425
78435
78448
78472
78474
78480
78482
78486
78523
78533
78540
78555
78557
78558
78558
78563
78568
78569
78572
78578
78583
78592
78609
78618
78644
78646
78647
78653
78677
78691
78692
78703
78723
78749
78768
78778
78780
78783
78800
78806
78814
78819
78832
78834
78838
78845
78856
78870
78876
78881
78884
78886
78901
78920
78924
78926
78934
78949
78951
78951
78960
78981
78987
78987
78995
79001
79005
79006
79021
79023
79067
79082
79087
79092
79125
79134
79151
79158
79173
79184
79191
79222
79251
79262
79272
79274
79282
79285
79294
79314
79321
79325
79328
79342
79355
79358
79360
79361
79370
79392
79396
79401
79409
79429
79432
79436
79449
79449
79480
79486
79504
79519
79538
79539
79563
79568
79568
79569
79569
79583
79617
79617
79620
79621
79627
79634
79635
79637
79645
79656
79656
79678
79678
79699
79700
79706
79723
79742
79769
79772
79782
79784
79791
79793
79810
79814
79822
79827
79845
79846
79864
79889
79892
79897
79910
79922
79924
79929
79937
79964
79973
79979
80002
80013
80023
80029
80032
80033
80033
80040
80049
80050
80058
80075
80085
80100
80105
80116
80117
80120
80125
80125
80135
80154
80155
80173
80181
80197
80209
80214
80220
80221
80228
80254
80257
80270
80275
80283
80287
80297
80304
80330
80331
80332
80345
80347
80356
80359
80366
80367
80372
80383
80392
80401
80403
80409
80426
80445
80474
80480
80480
80495
80505
80511
80514
80522
80556
80561
80583
80589
80592
80593
80598
80604
80606
80608
80613
80620
80635
80650
80656
80671
80676
80685
80690
80700
80705
80708
80718
80721
80728
80737
80751
80755
80757
80759
80781
80782
80784
80793
80796
80804
80811
80812
80827
80840
80854
80863
80869
80896
80902
80925
80929
80936
80940
80965
80966
80996
81027
81028
81051
81065
81072
81084
81126
81127
81135
81138
81141
81163
81180
81188
81206
81244
81267
81275
81276
81278
81282
81289
81292
81297
81307
81312
81314
81330
81333
81336
81358
81372
81389
81396
81405
81408
81409
81411
81428
81442
81444
81453
81470
81525
81549
81562
81571
81589
81590
81603
81619
81649
81674
81710
81715
81717
81728
81734
81745
81797
81798
81803
81831
81838
81845
81847
81855
81860
81875
81878
81885
81886
81901
81937
81940
81945
81953
81968
81970
81975
81978
81980
81986
82022
82036
82040
82087
82091
82094
82111
82122
82123
82127
82145
82146
82157
82161
82186
82200
82219
82221
82231
82232
82255
82256
82256
82267
82268
82272
82282
82293
82299
82308
82312
82327
82329
82338
82341
82344
82350
82353
82370
82374
82377
82382
82386
82388
82416
82445
82463
82466
82477
82489
82493
82503
82523
82535
82544
82560
82560
82568
82575
82585
82598
82609
82662
82667
82670
82674
82695
82695
82698
82706
82710
82720
82721
82723
82733
82736
82745
82748
82754
82759
82762
82768
82775
82780
82785
82786
82811
82832
82840
82842
82871
82891
82897
82905
82910
82945
82948
82967
82990
83006
83016
83028
83029
83034
83035
83055
83060
83078
83088
83093
83106
83111
83117
83121
83124
83137
83144
83153
83157
83159
83161
83167
83180
83190
83190
83194
83195
83226
83254
83272
83279
83298
83308
83321
83323
83333
83351
83356
83360
83364
83371
83372
83382
83386
83399
83414
83429
83437
83440
83440
83444
83449
83451
83521
83525
83525
83528
83537
83548
83556
83557
83560
83582
83592
83594
83598
83602
83617
83636
83640
83642
83643
83655
83660
83663
83668
83683
83696
83701
83706
83712
83722
83728
83729
83750
83754
83775
83777
83779
83780
83783
83829
83833
83838
83843
83857
83860
83860
83883
83898
83916
83919
83926
83936
83940
83943
83953
83971
83972
83997
84005
84011
84046
84050
84050
84051
84083
84114
84122
84134
84138
84141
84142
84149
84195
84198
84203
84211
84221
84252
84267
84287
84294
84298
84298
84305
84306
84308
84314
84336
84343
84368
84387
84391
84402
84414
84432
84434
84442
84443
84446
84457
84459
84469
84494
84500
84520
84525
84529
84529
84531
84531
84578
84581
84584
84621
84623
84631
84667
84675
84709
84711
84721
84723
84742
84747
84761
84762
84765
84777
84784
84799
84803
84817
84830
84852
84870
84893
84909
84910
84950
84981
84984
84984
84993
84996
85010
85015
85020
85046
85064
85065
85124
85153
85174
85178
85195
85199
85215
85221
85224
85227
85230
85260
85291
85294
85310
85312
85328
85331
85337
85343
85351
85357
85373
85373
85376
85390
85394
85409
85410
85413
85420
85423
85430
85438
85459
85466
85520
85539
85542
85564
85590
85612
85613
85619
85621
85624
85630
85632
85636
85642
85651
85651
85652
85664
85667
85670
85672
85678
85691
85692
85693
85712
85714
85719
85722
85725
85728
85741
85748
85754
85766
85777
85785
85793
85804
85822
85847
85857
85865
85873
85874
85886
85891
85896
85899
85917
85918
85921
85922
85934
85938
85943
85946
85961
85980
85991
85994
86001
86009
86027
86049
86060
86063
86128
86134
86150
86167
86174
86180
86182
86189
86206
86215
86250
86255
86265
86300
86308
86308
86317
86322
86353
86375
86378
86391
86397
86404
86428
86449
86452
86455
86458
86480
86491
86496
86498
86498
86502
86503
86503
86517
86524
86529
86545
86571
86580
86582
86586
86588
86590
86596
86605
86620
86623
86632
86633
86633
86639
86650
86653
86673
86675
86686
86687
86701
86710
86716
86721
86729
86742
86807
86810
86816
86840
86847
86853
86871
86909
86913
86964
86972
86975
86978
86980
87009
87021
87027
87030
87033
87073
87080
87081
87083
87086
87086
87088
87100
87116
87123
87127
87143
87148
87148
87155
87155
87160
87171
87173
87204
87204
87208
87216
87235
87239
87245
87252
87255
87257
87271
87280
87283
87305
87322
87330
87336
87340
87347
87349
87371
87379
87386
87393
87408
87409
87420
87423
87432
87443
87450
87452
87454
87462
87467
87470
87475
87493
87506
87518
87527
87547
87561
87578
87580
87582
87587
87588
87592
87605
87622
87625
87632
87645
87710
87717
87729
87736
87739
87758
87761
87815
87816
87817
87825
87825
87847
87854
87857
87870
87887
87900
87905
87910
87921
87926
87984
87984
87984
88014
88017
88018
88048
88073
88090
88100
88114
88128
88130
88136
88142
88147
88152
88159
88161
88164
88166
88190
88202
88207
88231
88237
88281
88283
88301
88327
88341
88349
88366
88368
88402
88409
88432
88435
88449
88469
88472
88475
88476
88482
88491
88504
88506
88512
88512
88514
88517
88523
88534
88538
88564
88569
88602
88610
88612
88617
88623
88625
88628
88628
88633
88654
88656
88707
88713
88722
88764
88777
88785
88786
88789
88793
88799
88825
88826
88846
88863
88866
88872
88875
88885
88889
88894
88898
88901
88905
88916
88921
88923
88931
88974
88993
89002
89004
89008
89013
89026
89028
89028
89029
89048
89055
89070
89099
89103
89121
89125
89126
89131
89131
89138
89147
89150
89151
89165
89177
89178
89187
89187
89206
89226
89228
89232
89245
89263
89282
89302
89303
89361
89373
89378
89383
89393
89404
89407
89407
89417
89438
89454
89454
89464
89465
89466
89474
89485
89496
89501
89521
89522
89533
89538
89539
89557
89558
89571
89574
89589
89604
89610
89613
89633
89642
89665
89695
89701
89706
89713
89718
89745
89760
89762
89780
89783
89801
89822
89832
89844
89845
89848
89861
89878
89882
89900
89906
89913
89951
89958
89963
89965
89976
89979
89979
89985
89999
90001
90019
90020
90023
90024
90032
90034
90055
90069
90073
90079
90085
90100
90110
90123
90137
90151
90155
90164
90169
90169
90186
90204
90207
90225
90236
90239
90257
90259
90272
90274
90296
90303
90314
90325
90333
90365
90370
90372
90373
90384
90389
90413
90418
90427
90427
90430
90432
90463
90463
90464
90465
90465
90474
90479
90479
90486
90493
90494
90500
90506
90508
90512
90521
90527
90528
90548
90565
90569
90571
90589
90590
90597
90607
90619
90621
90629
90635
90656
90673
90685
90689
90720
90729
90754
90755
90790
90799
90800
90808
90809
90814
90839
90851
90856
90891
90906
90920
90957
90959
90965
90980
90986
90998
91011
91033
91040
91052
91079
91087
91087
91093
91093
91097
91108
91108
91122
91129
91134
91172
91174
91177
91179
91182
91209
91218
91219
91228
91233
91243
91245
91245
91259
91299
91300
91307
91339
91340
91355
91361
91361
91372
91383
91400
91404
91424
91425
91448
91451
91465
91474
91485
91485
91499
91521
91531
91532
91543
91604
91607
91613
91623
91629
91650
91675
91679
91680
91725
91733
91739
91740
91746
91757
91759
91768
91776
91777
91778
91781
91789
91803
91813
91816
91816
91831
91838
91840
91859
91883
91906
91906
91917
91935
91938
91943
91948
91962
91974
91982
91996
92002
92005
92024
92031
92041
92052
92063
92069
92082
92082
92083
92102
92109
92122
92127
92132
92146
92170
92170
92171
92189
92203
92211
92231
92240
92248
92258
92277
92282
92282
92284
92286
92291
92296
92298
92327
92345
92346
92355
92373
92384
92389
92390
92408
92422
92434
92434
92436
92448
92459
92479
92486
92490
92512
92516
92533
92555
92576
92579
92586
92603
92617
92630
92654
92654
92671
92683
92704
92706
92709
92712
92732
92804
92804
92831
92832
92855
92867
92873
92907
92913
92916
92929
92932
92949
92958
92967
92971
92985
92987
92988
93001
93001
93026
93032
93041
93044
93064
93103
93105
93105
93116
93129
93131
93161
93165
93179
93180
93183
93186
93188
93199
93207
93213
93219
93219
93219
93230
93237
93248
93250
93254
93269
93270
93270
93271
93288
93288
93293
93325
93348
93354
93362
93367
93370
93390
93394
93397
93406
93427
93427
93428
93431
93466
93503
93513
93523
93525
93539
93554
93555
93556
93562
93567
93569
93570
93584
93591
93620
93628
93629
93643
93644
93645
93646
93652
93659
93663
93675
93687
93696
93702
93709
93713
93717
93717
93724
93726
93731
93741
93749
93759
93759
93788
93796
93798
93800
93813
93818
93820
93834
93866
93866
93872
93886
93888
93891
93897
93907
93910
93920
93922
93926
93935
93936
93936
93946
93949
93953
93969
93971
93982
93984
94000
94010
94021
94045
94059
94066
94073
94078
94093
94095
94101
94110
94111
94118
94124
94129
94137
94147
94161
94163
94164
94165
94177
94183
94190
94198
94199
94211
94225
94226
94238
94254
94258
94292
94307
94319
94333
94346
94362
94367
94370
94379
94380
94400
94409
94410
94428
94430
94461
94463
94467
94469
94488
94490
94502
94507
94508
94521
94536
94539
94545
94550
94554
94555
94565
94574
94580
94586
94588
94592
94603
94606
94611
94619
94645
94647
94651
94661
94662
94675
94688
94692
94693
94694
94700
94709
94714
94731
94737
94759
94768
94777
94798
94812
94839
94844
94866
94871
94892
94931
94938
94941
94947
94960
94964
94966
94967
94989
94990
95025
95029
95038
95050
95061
95078
95086
95109
95115
95119
95121
95153
95161
95173
95174
95184
95208
95224
95242
95272
95289
95292
95327
95367
95372
95377
95378
95381
95391
95424
95434
95435
95452
95457
95461
95470
95477
95482
95485
95531
95532
95536
95555
95561
95567
95575
95575
95576
95583
95585
95587
95595
95608
95615
95639
95640
95650
95666
95671
95674
95695
95725
95736
95755
95761
95761
95776
95785
95794
95804
95817
95824
95825
95866
95873
95876
95879
95887
95887
95890
95892
95902
95910
95911
95912
95931
95934
95940
95950
95971
95990
95991
96013
96015
96027
96031
96042
96051
96057
96057
96078
96090
96095
96102
96113
96115
96146
96158
96159
96162
96165
96170
96177
96191
96198
96203
96222
96223
96223
96229
96254
96258
96259
96268
96286
96288
96290
96309
96350
96354
96356
96356
96366
96372
96403
96405
96411
96431
96439
96488
96489
96497
96500
96511
96538
96539
96542
96544
96545
96548
96561
96571
96578
96632
96641
96642
96646
96662
96673
96696
96726
96726
96727
96730
96738
96760
96762
96785
96798
96822
96823
96824
96835
96840
96844
96848
96863
96879
96889
96891
96922
96936
96942
96943
96956
96966
96966
96979
96981
96999
97001
97003
97008
97008
97023
97036
97038
97049
97050
97062
97064
97075
97076
97098
97120
97122
97149
97159
97165
97181
97185
97199
97203
97204
97255
97262
97290
97315
97321
97323
97328
97331
97341
97344
97350
97364
97392
97397
97400
97404
97415
97418
97435
97435
97439
97502
97510
97524
97525
97527
97532
97533
97555
97560
97563
97569
97592
97598
97615
97632
97633
97643
97656
97659
97666
97707
97723
97727
97753
97763
97768
97807
97810
97817
97851
97859
97880
97905
97908
97912
97938
97950
97961
97966
97967
97984
97985
97991
97994
97999
98010
98030
98034
98048
98078
98079
98096
98135
98138
98147
98150
98160
98170
98197
98213
98216
98223
98244
98291
98297
98307
98310
98316
98324
98349
98354
98355
98359
98377
98378
98387
98412
98416
98441
98456
98460
98470
98477
98482
98486
98512
98514
98517
98522
98529
98531
98544
98544
98548
98557
98571
98573
98577
98578
98579
98580
98599
98617
98629
98659
98665
98671
98672
98676
98689
98738
98741
98745
98757
98767
98768
98777
98782
98792
98801
98803
98812
98816
98835
98836
98843
98845
98857
98866
98873
98880
98881
98887
98911
98913
98921
98940
98950
98950
98951
98971
98981
98996
99009
99040
99044
99047
99052
99080
99096
99099
99102
99129
99130
99133
99146
99164
99167
99182
99182
99204
99240
99250
99255
99265
99274
99275
99305
99306
99310
99311
99313
99322
99362
99365
99370
99371
99375
99390
99400
99406
99409
99410
99413
99414
99415
99418
99423
99429
99436
99436
99437
99438
99449
99450
99450
99481
99496
99496
99518
99537
99542
99545
99560
99574
99585
99604
99609
99609
99634
99656
99661
99681
99689
99695
99718
99741
99742
99747
99748
99756
99762
99782
99790
99809
99817
99832
99834
99841
99849
99867
99868
99869
99884
99892
99902
99919
99929
99932
99935
99940
99962
99969
99993
