-50
-50
-50
-49
-49
-49
-49
-49
-49
-49
-48
-48
-48
-48
-48
-48
-48
-48
-47
-47
-47
-47
-47
-47
-47
-47
-47
-46
-46
-46
-46
-46
-45
-45
-45
-45
-45
-45
-45
-44
-43
-43
-42
-42
-42
-42
-42
-41
-41
-41
-41
-41
-40
-40
-40
-40
-39
-39
-39
-39
-39
-39
-38
-38
-38
-38
-38
-38
-37
-37
-37
-37
-37
-37
-37
-36
-36
-36
-36
-36
-36
-36
-36
-35
-35
-34
-34
-34
-34
-33
-33
-33
-33
-32
-32
-30
-30
-30
-30
-30
-30
-30
-29
-29
-29
-29
-29
-29
-29
-29
-28
-28
-27
-27
-27
-27
-27
-26
-26
-26
-26
-25
-25
-25
-25
-25
-24
-24
-24
-24
-24
-24
-23
-23
-23
-23
-23
-23
-22
-22
-22
-22
-22
-22
-22
-21
-21
-21
-21
-21
-21
-21
-20
-20
-20
-20
-19
-19
-19
-19
-19
-19
-18
-18
-18
-18
-18
-18
-18
-18
-17
-17
-16
-16
-16
-16
-16
-16
-16
-15
-15
-15
-14
-14
-13
-13
-13
-13
-13
-13
-13
-13
-13
-13
-12
-12
-12
-12
-11
-11
-11
-11
-11
-11
-10
-10
-10
-10
-10
-10
-10
-9
-9
-9
-9
-9
-9
-8
-8
-8
-8
-7
-7
-7
-7
-7
-7
-6
-6
-6
-6
-6
-6
-5
-5
-5
-4
-4
-4
-4
-3
-3
-3
-2
-2
-2
-2
-2
-2
-2
-1
-1
-1
-1
-1
0
0
0
0
0
0
1
1
1
1
1
2
2
2
3
3
3
3
3
3
4
4
4
4
4
4
5
5
5
5
6
6
7
7
7
7
7
7
7
7
8
8
8
8
8
8
8
10
10
10
10
11
11
11
12
12
12
12
12
13
13
13
13
13
13
14
14
14
14
14
14
14
14
15
15
15
15
15
16
16
16
17
17
17
18
18
18
18
18
19
19
19
19
19
19
19
19
20
20
20
20
20
20
20
20
20
20
20
21
21
21
22
22
22
22
22
22
22
23
23
23
23
23
24
24
24
24
24
25
25
25
25
25
25
25
25
26
26
26
26
26
27
27
27
27
28
28
28
28
28
28
29
29
29
29
30
30
30
31
32
32
32
32
33
33
33
33
33
34
34
34
34
34
35
35
35
35
36
36
36
36
36
36
36
37
37
37
38
38
39
39
39
40
40
40
41
41
41
41
42
42
42
42
42
42
42
43
43
43
44
44
44
45
45
45
45
46
46
46
47
47
47
47
47
47
48
48
48
48
49
49
49
49
49
49
50
50
50
50
50
50
50
50
50
50
1000
500453505
501889376
502080725
502152288
504014279
505324128
505437466
505833923
507095282
510152753
510598577
511154200
511292905
511550282
512965778
513104214
516540130
517050988
521855309
524367529
525875749
526069806
526705238
527988811
533458668
534582106
535969763
536370710
536804743
537449049
538072933
538413857
538830548
539413223
540203456
540335000
540363873
541396497
544027863
544946799
545619642
547914241
548534091
549957685
552951625
554188775
554248893
557379546
558056793
560717615
563389169
563399100
563987890
565390881
566166063
566518725
567178130
567806699
567822941
573333352
574240718
574354364
574692787
575987729
576064217
579677251
580295990
581641941
582774543
583633332
583797493
584770277
585613585
586772915
588121324
588451747
588475335
588679646
590183342
590491528
591065068
591436000
592082814
592435331
592799346
593008651
594637403
595336523
595644132
595646167
596403991
601918876
605957447
606772493
607614299
609438039
609475521
609962834
610291623
610920654
610992989
611512560
612146639
612176613
613824757
616833141
617826620
620829287
621188182
624615188
625375277
627363778
627976431
629380677
630051174
632766507
632946081
633260149
634335741
634537384
634691368
635606295
637000824
638496100
639110214
639237931
639799462
642047052
643627059
643915667
644455434
644826636
645094035
645395635
646686930
647760491
648066628
648667250
649046773
649074255
652496808
652890967
656133631
656168233
657565972
658632211
659135305
659384225
660372981
660484876
660828376
663030969
663425269
663637818
663926334
664080033
667039682
667101854
667397440
668032478
669688079
670317804
671682731
673778586
674733912
676143887
679285585
680394102
680899456
681821614
682195272
686821151
687609584
688019042
690558810
690684369
691046361
691565613
691638984
692839401
692963235
697680252
697939003
699508927
700643299
702506478
702700022
703393279
705274369
705291732
705759206
706145900
708930100
711316281
712445427
713266590
713308221
713565805
714427719
715329343
715781156
717568051
718505909
719163643
719561593
720729069
721322957
723705455
725467819
726880473
728636931
729111209
730946517
731531219
732270759
732423009
734703417
735218690
735319620
735564499
735900438
737465699
737556535
738939087
739657307
739817547
741263421
741351469
743368780
747809396
748072348
749525981
750773815
751221567
751703550
757068224
760137085
760802823
760917492
761975030
763501226
764301085
764517397
764817507
765764970
765789888
768634888
768918432
769202957
770063511
772281382
773412264
773954985
773979429
774319675
774619630
774680239
774712393
775925472
776143983
776518476
777515268
780889663
781413754
782496480
783517662
783662810
783679352
783844585
785054928
786718349
788563988
788868713
789531984
790649915
791166264
792177437
792190253
792748776
792797050
792859302
794887048
795925799
796523381
796863586
798630297
798977275
799386562
800311696
800866448
802833816
805645213
805757296
806308812
806340495
806678219
806776114
807400626
810892619
811034123
811423016
813762407
814465738
817095410
818657760
819211529
821136957
822487125
822569428
823138658
824803639
825055149
825143810
825400233
827312116
828182065
828803866
831197087
832878062
833732289
834149823
834753818
836900771
837395720
837832483
838054386
840232548
841118166
841199157
841435123
841972233
843120022
843788186
846436584
847041504
847054211
847714236
848292555
848343100
848635526
850612672
850795597
852640190
853682478
854183058
854608448
857152004
858510981
859080966
860883726
861804785
863602759
864292778
865950786
866186668
866904499
866965845
867773985
868568930
868631245
868803130
869854795
870223595
870681228
871355444
871813691
875377472
875543213
876028558
876494667
876498261
877362217
880115356
880815418
881309373
882321381
882706343
883023570
883768455
885018725
885455947
886331056
887236578
887775475
887958249
888864079
890960521
891046324
891469770
891860008
892524376
892679169
893972404
894646526
895361467
895526593
895624207
896514009
897201208
899770516
899833359
900381330
900604959
901184968
901994693
902425985
903044421
906636587
906813993
907275749
908594015
909736822
911258075
912048313
912889908
916481501
916653412
916724024
917549154
917565598
918145813
918621576
919977267
920087361
920416799
924713593
925300953
925459491
925774641
926803514
928582635
930952468
931567052
932438190
933549617
933761491
933927327
934143140
935166954
937551643
937724736
940787038
941066375
945030757
945292141
945966635
946867148
947200203
948068965
948120331
948465643
948980315
951357319
952008185
953905567
954336710
955798637
956861249
956877589
957034268
959072534
959399204
959710289
961233903
962375293
962377552
962835871
963131141
964686283
965765608
969194079
971063467
971871896
973339180
974062153
975681205
979444695
979833102
981360804
982061312
984841829
985023101
985340861
986909437
987024470
987953791
988174595
988597718
988734948
988811125
989980537
990089534
992689971
992746758
993575999
994155066
994782116
995697496
996233975
999347864
